start=2747.911000
speed=1.500000
volume=65.000000
sub-visibility=no
video-aspect-override=1.777778
