start=5.372000
volume=30.000000
