start=194.633333
speed=1.998717
volume=30.000000
