start=2256.120000
speed=1.514100
volume=64.000000
sub-delay=-0.000000
sub-visibility=no
video-aspect-override=1.777778
