start=76.943000
speed=2.000000
volume=58.000000
video-aspect-override=1.777778
